TITLE = "CRM VLM mesh extended to y = 0"
VARIABLES = "X", "Y", "Z"
ZONE T="Tail:Skin_Top", DATAPACKING=POINT, NODES=440, ELEMENTS=380, ZONETYPE=FEQUADRILATERAL
                 57.518778                         0                  6.358556
          57.8471726188769                         0          6.18592346702423
          58.1711112469806                         0          6.13972767648958
          58.4941873700112                         0           6.1180050811049
          58.8167616875682                         0          6.11052099128477
          59.1389847337211                         0          6.11300407023019
          59.4609414751903                         0          6.12304342530099
          59.7826874495711                         0          6.13906320210901
          60.1042617628137                         0            6.159953786827
          60.4256941075771                         0          6.18487266355815
          60.7470069075058                         0          6.21318357143355
          61.0682169795373                         0          6.24440933738247
          61.3893378159721                         0          6.27816712341863
          61.7103782344689                         0          6.31420673243057
          62.0313446702751                         0          6.35234556715107
          62.3522397940286                         0          6.39250784942902
          62.6730645853634                         0          6.43466578258656
          62.9938166659083                         0          6.47888685183971
          63.3144912501524                         0          6.52530684392283
          63.6350817758933                         0          6.57411195838264
                 58.354561                    0.9815                  6.495076
          58.6618814389569                    0.9815          6.33422408705151
          58.9652837082933                    0.9815          6.29082413988356
          59.2679275613461                    0.9815          6.27015865599977
          59.5701298931234                    0.9815          6.26272831677742
          59.8720232753713                    0.9815          6.26455912065776
          60.1736828691721                    0.9815          6.27339802152183
          60.4751565076406                    0.9815          6.28781116276543
          60.7764795432463                    0.9815          6.30673881052963
          61.0776777001858                    0.9815          6.32940985029591
          61.3787704528539                    0.9815          6.35524051307052
          61.6797732764229                    0.9815          6.38376691147901
           61.980697363947                    0.9815          6.41465351991945
          62.2815508889625                    0.9815           6.4476553265652
          62.5823391699858                    0.9815          6.48261290232982
          62.8830649249797                    0.9815          6.51944477292409
          63.1837286315735                    0.9815          6.55813662082069
          63.4843284072667                    0.9815            6.598744876295
          63.7848602671472                    0.9815          6.64138899200174
          64.0853180822196                    0.9815          6.68625269213345
                  59.19033                     1.963                  6.631593
          59.4765844098603                     1.963          6.48256890079695
          59.7594548430116                     1.963          6.44198006837522
          60.0416699976608                     1.963          6.42238880931746
          60.3235037468153                     1.963          6.41501920842187
          60.6050707751952                     1.963          6.41619633843884
           60.886435858244                     1.963          6.42384455195767
          61.1676402136657                     1.963          6.43664307962952
          61.4487145221007                     1.963          6.45360879901041
          61.7296809831873                     1.963          6.47403035068865
           62.010556469647                     1.963          6.49736706957267
           62.291354129868                     1.963          6.52319763214666
          62.5720839187166                     1.963          6.55120304726933
          62.8527525212127                     1.963           6.5811691019095
           63.133364993032                     1.963          6.61293379331152
          63.4139234111843                     1.963          6.64643056631837
          63.6944282921441                     1.963          6.68164287115118
          63.9748779189213                     1.963          6.71862572659786
          64.2552688095095                     1.963          6.75749070915901
          64.5355957606976                     1.963          6.79840454917491
                 60.026095                    2.9445                  6.768108
          60.2912921204736                    2.9445          6.63092246162268
          60.5536337795669                    2.9445           6.5931573519387
          60.8154224995169                    2.9445          6.57464427873749
           61.076889559358                    2.9445          6.56733065167016
          61.3381314893077                    2.9445          6.56785551630052
           61.599202792127                    2.9445          6.57432121506625
          61.8601386955413                    2.9445          6.58550120168418
          62.1209648775412                    2.9445          6.60050142909588
          62.3816998653624                    2.9445          6.61867682266913
          62.6423582135295                    2.9445          6.63952062818712
          62.9029508821574                    2.9445          6.66265124030901
          63.1634862398137                    2.9445          6.68777728525918
          63.4239701636641                    2.9445          6.71469413398494
          63.6844064410603                    2.9445          6.74326991983922
          63.9447972130905                    2.9445          6.77343009518421
          64.2051428275941                    2.9445          6.80516254906922
          64.4654418642506                    2.9445          6.83851673370169
           64.725691325609                    2.9445          6.87359701325938
          64.9858867555132                    2.9445          6.91055854058375
                 60.861866                     3.926                  6.904625
          61.1060152149842                     3.926          6.77925636705891
          61.3478302432941                     3.926          6.74430862448105
          61.5891933188507                     3.926          6.72686846636569
          61.8302933127608                     3.926          6.71961947118606
          62.0712094728673                     3.926          6.71949176428131
          62.3119861087937                     3.926            6.724768895272
          62.5526521671797                     3.926          6.73432953956188
          62.7932283907464                     3.926          6.74737017302089
          63.0337301772605                     3.926          6.76329432245884
           63.274169212481                     3.926          6.78164930911086
          63.5145546689609                     3.926          6.80207980989772
          63.7548931804418                     3.926          6.82432884930179
          63.9951896701088                     3.926          6.84820571473713
          64.2354472780396                     3.926          6.87358876699046
          64.4756677597898                     3.926          6.90040999997919
          64.7158511570484                     3.926          6.92866779876878
          64.9559965632788                     3.926          6.95839728045147
          65.1961014078956                     3.926          6.98969802344304
          65.4361621032055                     3.926          7.02270900653274
                 61.697652                    4.9075                  7.041146
          61.9207634836839                    4.9075           6.9275420791198
          62.1420526848673                    4.9075          6.89539927315116
          62.3629892151066                    4.9075          6.87902184291321
          62.5837203908189                    4.9075            6.871824333306
          62.8043080240601                    4.9075          6.87104357287425
          63.0247866995619                    4.9075          6.87513352756683
          63.2451790894308                    4.9075          6.88308069092536
          63.4655014397308                    4.9075          6.89415881853566
          63.6857656176266                    4.9075          6.90783741501344
          63.9059809205104                    4.9075           6.9237008609651
          64.1261542743388                    4.9075          6.94143954680024
          64.3462909832934                    4.9075          6.96081636079693
          64.5663949394517                    4.9075          6.98165731621802
           64.786468586192                    4.9075          7.00385318724049
          65.0065131502611                    4.9075          7.02734913485023
          65.2265288353207                    4.9075          7.05213605480447
           65.446514790785                    4.9075          7.07825197066372
           65.666469147077                    4.9075          7.10578045773427
          65.8863890767083                    4.9075          7.13484791265116
                 62.533464                     5.889                  7.177673
          62.7355495304001                     5.889          7.07575048860755
          62.9363131039916                     5.889          7.04638077512786
          63.1368208147734                     5.889          7.03105354973148
          63.3371796321786                     5.889          7.02389802177261
          63.5374342944738                     5.889          7.02245882629715
          63.7376099239795                     5.889          7.02535717798707
          63.9377230306063                     5.889          7.03168696538742
           64.137785216094                     5.889          7.04081145159203
            64.33780529246                     5.889          7.05224700770116
          64.5377899089026                     5.889          7.06562870655958
           64.737744054994                     5.889          7.08068270606947
          64.9376716688983                     5.889           7.0971928684366
           65.137575499978                     5.889          7.11500830073487
           65.337457297683                     5.889          7.13403298811169
          65.5373180497106                     5.889           7.1542127228891
          65.7371578856042                     5.889          7.17554039535929
           65.936976108983                     5.889          7.19805422489924
          66.1367714211034                     5.889          7.22182549030445
          66.3365417587515                     5.889          7.24696742669372
                  63.36931                    6.8705                  7.314209
          63.5503835371258                    6.8705          7.22385546665327
          63.7306207956686                    6.8705          7.19721856022767
          63.9106961784685                    6.8705          7.18291507538616
          64.0906773719005                    6.8705          7.17578794173859
          64.2705926886322                    6.8705          7.17367999813984
          64.4504579554327                    6.8705          7.17538539241781
          64.6302837246274                    6.8705          7.18010013580376
          64.8100772309955                    6.8705          7.18727300562412
          64.9898441111319                    6.8705          7.19647454591729
          65.1695885710288                    6.8705          7.20738429932158
          65.3493137700153                    6.8705          7.21976155441946
          65.5290221619432                    6.8705          7.23341935060303
          65.7087154985834                    6.8705          7.24822421926997
          65.8883949451089                    6.8705          7.26408738510789
          66.0680610301119                    6.8705          7.28096857430893
           66.247713865328                    6.8705          7.29885927368209
          66.4273530794668                    6.8705          7.31778777208398
          66.6069778055094                    6.8705          7.33782012825954
          66.7865866745341                    6.8705          7.35906064128776
                   64.2052                     7.852                  7.450756
          64.3652797869091                     7.852          7.37183424044619
          64.5249902559231                     7.852          7.34788247167606
          64.6846292361241                     7.852          7.33457123628863
          64.8442265961553                     7.852          7.32745482757521
          65.0037948221901                     7.852          7.32467477933229
          65.1633410230826                     7.852          7.32517299591039
          65.3228696904861                     7.852          7.32828093095224
          65.4823841410038                     7.852          7.33350493480153
          65.6418868492336                     7.852          7.34047668353616
          65.8013796044177                     7.852          7.34892986287437
          65.9608638909246                     7.852          7.35864353651296
            66.12034074449                     7.852          7.36946354356595
          66.2798109451945                     7.852          7.38127377532868
          66.4392750012285                     7.852          7.39399859174765
          66.5987331839759                     7.852          7.40759759950163
          66.7581854944225                     7.852          7.42207065188856
          66.9176318017192                     7.852          7.43743722474298
          67.0770716903248                     7.852           7.4537591680109
          67.2365045861462                     7.852          7.47112193081399
                 65.041118                    8.8335                   7.58731
          65.1802343365011                    8.8335          7.51972718146596
          65.3194232597581                    8.8335          7.49842699849205
          65.4586262490326                    8.8335          7.48609556411493
          65.5978374172754                    8.8335          7.47897918862002
           65.737054309918                    8.8335          7.47551279458424
          65.8762755455976                    8.8335          7.47481559987739
          66.0155002173131                    8.8335          7.47630928417724
          66.1547276880285                    8.8335          7.47958766171284
            66.29395746866                    8.8335          7.48433888375457
          66.4331892043261                    8.8335          7.49033667143318
          66.5724226088548                    8.8335          7.49739855619298
          66.7116574689805                    8.8335          7.50538855609861
          66.8508936404953                    8.8335          7.51421472155763
          66.9901310178942                    8.8335          7.52380978069513
          67.1293695557573                    8.8335          7.53414477282666
          67.2686092404561                    8.8335          7.54521100827473
          67.4078501108963                    8.8335          7.55703329405757
          67.5470922437808                    8.8335          7.56966053723508
          67.6863357468074                    8.8335          7.58316140793238
                 65.876187                     9.814                  7.723725
          65.9944146277299                     9.814          7.66745191018103
          66.1131193222941                     9.814          7.64881547317568
          66.2319163528719                     9.814          7.63746358885243
          66.3507671269166                     9.814          7.63035162241568
          66.4696554869717                     9.814          7.62620488333247
          66.5885723858692                     9.814          7.62430962438911
          66.7075118410304                     9.814          7.62419386928639
            66.82646966861                     9.814           7.6255275470149
           66.945442703959                     9.814          7.62806099278303
          67.0644285430247                     9.814          7.63160454657551
          67.1834253661863                     9.814          7.63601465527452
          67.3024317410294                     9.814          7.64117831314322
          67.4214467505788                     9.814            7.647023178389
          67.5404696693783                     9.814          7.65349201846445
          67.6595002110798                     9.814           7.6605622428717
          67.7785383014638                     9.814          7.66822799629106
           67.897584171905                     9.814          7.67650753229612
          68.0166383179701                     9.814           7.6854399470081
          68.1357014884956                     9.814          7.69508431749075
                 57.518778                         0                  6.358556
          57.8342047823751                         0          6.55388001972698
          58.1540876737845                         0          6.62276394141152
           58.474832916887                         0          6.66717902003118
          58.7960802450367                         0          6.69734766031178
          59.1176785899781                         0          6.71755635634128
          59.4395429388141                         0          6.73021731099868
          59.7616186853698                         0          6.73687995003934
           60.083865759359                         0          6.73868124989127
          60.4062549987405                         0          6.73644867040973
          60.7287637580109                         0          6.73082476760964
          61.0513748704471                         0          6.72229663957244
          61.3740755705371                         0          6.71122650198261
          61.6968566201494                         0          6.69787648268442
          62.0197118121207                         0          6.68242270715784
          62.3426379581966                         0          6.66495564069143
          62.6656345245911                         0           6.6454904292247
          62.9887039614365                         0          6.62395755135018
          63.3118507910102                         0          6.60022868947201
          63.6350817758933                         0          6.57411195838264
                 58.354561                    0.9815                  6.495076
          58.6504786914267                    0.9815          6.67603550473235
          58.9503141024524                    0.9815          6.73955653363448
           59.250907921747                    0.9815          6.78034333950235
          59.5519431625381                    0.9815          6.80789799170606
          59.8532872039536                    0.9815          6.82619596441654
          60.1548654993282                    0.9815          6.83747188585092
          60.4566290451066                    0.9815          6.84319469800565
          60.7585436766313                    0.9815          6.84438852861219
           61.060583182893                    0.9815          6.84183908499948
          61.3627277534744                    0.9815          6.83614020884706
          61.6649625225584                    0.9815           6.8277375213626
          61.9672760360946                    0.9815          6.81697437182083
          62.2696600694316                    0.9815          6.80409730429637
          62.5721093402477                    0.9815          6.78926466289284
          62.8746211220389                    0.9815          6.77255817793014
          63.1771948731101                    0.9815          6.75399408738711
          63.4798326584254                    0.9815          6.73351049141684
          63.7825382838243                    0.9815          6.71099330528788
          64.0853180822196                    0.9815          6.68625269213345
                  59.19033                     1.963                  6.631593
          59.4667356617018                     1.963          6.79815961725122
          59.7465249626649                     1.963          6.85630178080492
          60.0269693187592                     1.963          6.89345352863727
              60.307795116                     1.963           6.9183824758922
          60.5888875035063                     1.963          6.93476887422799
          60.8701823377548                     1.963          6.94466812197775
          61.1516372597996                     1.963          6.94943755814874
          61.4332224674635                     1.963          6.95003215593537
          61.7149155621172                     1.963          6.94716965116521
          61.9966995518377                     1.963          6.94139452859098
          62.2785614151475                     1.963          6.93312404503544
          62.5604911438607                     1.963          6.92267890020384
          62.8424820284162                     1.963          6.91027409351419
          63.1245290222912                     1.963          6.89607133443022
          63.4066300373776                     1.963          6.88013753374241
          63.6887846944889                     1.963          6.86248484200289
           63.970994610139                     1.963          6.84306146006165
          64.2532632140274                     1.963          6.82175748752748
          64.5355957606976                     1.963          6.79840454917491
                 60.026095                    2.9445                  6.768108
          60.2829815019729                    2.9445          6.92027859150631
          60.5427233539594                    2.9445          6.97303263184887
          60.8030179192644                    2.9445           7.0065424983936
           61.063634239654                    2.9445          7.02884961197484
          61.3244756520789                    2.9445          7.04331955191808
          61.5854877920158                    2.9445          7.05184516267415
          61.8466350234371                    2.9445          7.05566720664898
           62.107892230207                    2.9445          7.05566016844188
          62.3692406032866                    2.9445          7.05247893440447
          62.6306654866083                    2.9445           7.0466337942403
          62.8921561516156                    2.9445          7.03849829097696
          63.1537041177404                    2.9445          7.02836769798336
          63.4153035031519                    2.9445          7.01644680673933
          63.6769505624429                    2.9445          7.00286602347819
          63.9386430471528                    2.9445           6.9877036343009
          64.2003807116629                    2.9445          6.97096819106387
          64.4621650912532                    2.9445           6.9526062389499
          64.7239989492408                    2.9445          6.93252156576585
          64.9858867555132                    2.9445          6.91055854058375
                 60.861866                     3.926                  6.904625
          61.0992217260453                     3.926          7.04242011710945
          61.3389115766882                     3.926          7.08979674856187
          61.5790533645825                     3.926          7.11966639605565
          61.8194581324261                     3.926          7.13934882012938
          62.0600468883039                     3.926          7.15190398139046
          62.3007752120648                     3.926          7.15905261180754
          62.5416139715643                     3.926          7.16192322199733
          62.7825425641462                     3.926          7.16131391029847
            63.02354561488                     3.926          7.15782026528484
          63.2646113950993                     3.926          7.15189662784802
          63.5057307217207                     3.926          7.14389872899526
           63.746897123988                     3.926          7.13407723057501
          63.9881054481152                     3.926          7.12263177810359
          64.2293527140336                     3.926          7.10967781242437
          64.4706370878598                     3.926          7.09528637385388
          64.7119584939837                     3.926          7.07946039135517
          64.9533179682513                     3.926          7.06215973868776
          65.1947180203268                     3.926          7.04328719738049
          65.4361621032055                     3.926          7.02270900653274
                 61.697652                    4.9075                  7.041146
          61.9154601143711                    4.9075          7.16461749245408
          62.1350905785847                    4.9075          7.20662485961886
          62.3550737701167                    4.9075           7.2328643309679
           62.575262207311                    4.9075          7.24992874824159
          62.7955943442241                    4.9075          7.26056938692681
           63.016035239299                    4.9075          7.26634823216798
          63.2365625521306                    4.9075          7.26826396243858
          63.4571600052561                    4.9075          7.26704422576446
          63.6778154899748                    4.9075          7.26323031487523
          63.8985198791113                    4.9075          7.25723023998378
          64.1192662750258                    4.9075          7.24935234484784
          64.3400491708672                    4.9075          7.23984280108467
            64.56086491417                    4.9075          7.22886488410189
          64.7817110857755                    4.9075          7.21652673704181
          65.0025861844439                    4.9075          7.20289546951753
          65.2234901541891                    4.9075          7.18797358426638
           65.444423963369                    4.9075          7.17171779297871
          65.6653892564105                    4.9075          7.15405458518316
          65.8863890767083                    4.9075          7.13484791265116
                 62.533464                     5.889                  7.177673
          62.7317022784082                     5.889          7.28689876099416
           62.931262692528                     5.889           7.3235619053624
          63.1310789396488                     5.889          7.34618419763207
          63.3310440616985                     5.889          7.36063580493537
          63.5311133983419                     5.889          7.36936781511171
          63.7312616646623                     5.889          7.37376793723576
          63.9314726125575                     5.889          7.37472791396782
          64.1317344038367                     5.889          7.37289745931034
           64.332038320066                     5.889          7.36875506604601
          64.5323777346924                     5.889          7.36266441848126
          64.7327475044471                     5.889          7.35490779403176
          64.9331438795654                     5.889           7.3456909905777
           65.133564082865                     5.889          7.33516642789714
          65.3340062479701                     5.889          7.32343653806137
          65.5344694896195                     5.889          7.31054990675677
          65.7349536533109                     5.889           7.2965150135155
           65.935459411161                     5.889          7.28129497063815
          66.1359880588978                     5.889          7.26481866484019
          66.3365417587515                     5.889          7.24696742669372
                  63.36931                    6.8705                  7.314209
          63.5479497208681                    6.8705          7.40928956200944
          63.7274258216894                    6.8705          7.44064577362562
          63.9070637660372                    6.8705           7.4596710182514
          64.0867959308388                    6.8705          7.47151754322302
          64.2665939651692                    6.8705          7.47834542455104
          64.4464419547141                    6.8705          7.48136718453567
          64.6263295913151                    6.8705          7.48136820868672
          64.8062493676341                    6.8705          7.47892048613346
          64.9861958546137                    6.8705           7.4744376604138
          65.1661647402335                    6.8705          7.46824826724744
          65.3461528701238                    6.8705          7.46059264018734
          65.5261578166018                    6.8705          7.45165574601521
          65.7061777910749                    6.8705          7.44157385880714
          65.8862117402327                    6.8705          7.43042723097952
          66.0662589481002                    6.8705          7.41827041315922
          66.2463194600481                    6.8705          7.40509994851774
          66.4263935861514                    6.8705          7.39089221223404
          66.6064822098269                    6.8705          7.37557989617878
          66.7865866745341                    6.8705          7.35906064128776
                   64.2052                     7.852                  7.450756
           64.364204970723                     7.852          7.53181196324202
          64.5235792149274                     7.852          7.55790454631137
          64.6830249311462                     7.852          7.57335909634745
          64.8425122770067                     7.852          7.58261740986685
          65.0020287303275                     7.852          7.58754331263711
          65.1615672591679                     7.852          7.58918345232045
          65.3211232625378                     7.852          7.58822264918044
          65.4806934731238                     7.852           7.5851472164705
          65.6402754813388                     7.852          7.58031580182132
          65.7998673998563                     7.852          7.57400931854832
          65.9594677944564                     7.852          7.56644123873165
          66.1190756324526                     7.852          7.55776526942037
          66.2786901135337                     7.852          7.54810053049991
           66.438310731507                     7.852          7.53752236463171
          66.5979372588913                     7.852          7.52606463060097
          66.7575696199717                     7.852          7.51373859794759
          66.9172080081209                     7.852          7.50051548469753
          67.0768527943133                     7.852          7.48634007430126
          67.2365045861462                     7.852          7.47112193081399
                 65.041118                    8.8335                   7.58731
          65.1804456050806                    8.8335          7.65443586980634
          65.3197006461849                    8.8335          7.67529362867373
          65.4589416318249                    8.8335          7.68718936787779
          65.5981744345897                    8.8335          7.69386755711039
          65.7374015123684                    8.8335          7.69689539099931
          65.8766242518948                    8.8335            7.697157076391
          66.0158435540814                    8.8335          7.69522705144898
          66.1550600617083                    8.8335          7.69151516434218
          66.2942742538024                    8.8335          7.68632685147756
          66.4334864971156                    8.8335          7.67989596045124
           66.572697071424                    8.8335          7.67240088160594
          66.7119061829293                    8.8335          7.66397309290459
          66.8511139907963                    8.8335          7.65471408070292
          66.9903205880825                    8.8335          7.64468318016314
          67.1295260288411                    8.8335          7.63391485661583
          67.2687303212712                    8.8335          7.62241433795227
          67.4079334269608                    8.8335          7.61015713192246
          67.5471352735537                    8.8335          7.59709710293696
          67.6863357468074                    8.8335          7.58316140793238
                 65.876187                     9.814                  7.723725
          65.9958030224898                     9.814          7.77698484727522
          66.1149419396558                     9.814          7.79260500522499
          66.2339885462567                     9.814          7.80094261818138
          66.3529814065309                     9.814          7.80504008762839
          66.4719366664021                     9.814          7.80617119426979
          66.5908634192357                     9.814          7.80505332990682
          66.7097675835587                     9.814          7.80215341767885
          66.8286533834293                     9.814          7.79780470107259
          66.9475239724712                     9.814          7.79225597508616
          67.0663817625864                     9.814          7.78569751895374
          67.1852285779208                     9.814          7.77827324281202
          67.3040658115284                     9.814          7.77009304716163
           67.422894452067                     9.814          7.76123492898089
          67.5417151392666                     9.814          7.75174935771318
          67.6605282537222                     9.814          7.74166635917364
          67.7793337910961                     9.814          7.73098559115988
           67.898131546827                     9.814          7.71969091546163
          68.0169210236096                     9.814          7.70774309876828
          68.1357014884956                     9.814          7.69508431749075
1 2 22 21
2 3 23 22
3 4 24 23
4 5 25 24
5 6 26 25
6 7 27 26
7 8 28 27
8 9 29 28
9 10 30 29
10 11 31 30
11 12 32 31
12 13 33 32
13 14 34 33
14 15 35 34
15 16 36 35
16 17 37 36
17 18 38 37
18 19 39 38
19 20 40 39
21 22 42 41
22 23 43 42
23 24 44 43
24 25 45 44
25 26 46 45
26 27 47 46
27 28 48 47
28 29 49 48
29 30 50 49
30 31 51 50
31 32 52 51
32 33 53 52
33 34 54 53
34 35 55 54
35 36 56 55
36 37 57 56
37 38 58 57
38 39 59 58
39 40 60 59
41 42 62 61
42 43 63 62
43 44 64 63
44 45 65 64
45 46 66 65
46 47 67 66
47 48 68 67
48 49 69 68
49 50 70 69
50 51 71 70
51 52 72 71
52 53 73 72
53 54 74 73
54 55 75 74
55 56 76 75
56 57 77 76
57 58 78 77
58 59 79 78
59 60 80 79
61 62 82 81
62 63 83 82
63 64 84 83
64 65 85 84
65 66 86 85
66 67 87 86
67 68 88 87
68 69 89 88
69 70 90 89
70 71 91 90
71 72 92 91
72 73 93 92
73 74 94 93
74 75 95 94
75 76 96 95
76 77 97 96
77 78 98 97
78 79 99 98
79 80 100 99
81 82 102 101
82 83 103 102
83 84 104 103
84 85 105 104
85 86 106 105
86 87 107 106
87 88 108 107
88 89 109 108
89 90 110 109
90 91 111 110
91 92 112 111
92 93 113 112
93 94 114 113
94 95 115 114
95 96 116 115
96 97 117 116
97 98 118 117
98 99 119 118
99 100 120 119
101 102 122 121
102 103 123 122
103 104 124 123
104 105 125 124
105 106 126 125
106 107 127 126
107 108 128 127
108 109 129 128
109 110 130 129
110 111 131 130
111 112 132 131
112 113 133 132
113 114 134 133
114 115 135 134
115 116 136 135
116 117 137 136
117 118 138 137
118 119 139 138
119 120 140 139
121 122 142 141
122 123 143 142
123 124 144 143
124 125 145 144
125 126 146 145
126 127 147 146
127 128 148 147
128 129 149 148
129 130 150 149
130 131 151 150
131 132 152 151
132 133 153 152
133 134 154 153
134 135 155 154
135 136 156 155
136 137 157 156
137 138 158 157
138 139 159 158
139 140 160 159
141 142 162 161
142 143 163 162
143 144 164 163
144 145 165 164
145 146 166 165
146 147 167 166
147 148 168 167
148 149 169 168
149 150 170 169
150 151 171 170
151 152 172 171
152 153 173 172
153 154 174 173
154 155 175 174
155 156 176 175
156 157 177 176
157 158 178 177
158 159 179 178
159 160 180 179
161 162 182 181
162 163 183 182
163 164 184 183
164 165 185 184
165 166 186 185
166 167 187 186
167 168 188 187
168 169 189 188
169 170 190 189
170 171 191 190
171 172 192 191
172 173 193 192
173 174 194 193
174 175 195 194
175 176 196 195
176 177 197 196
177 178 198 197
178 179 199 198
179 180 200 199
181 182 202 201
182 183 203 202
183 184 204 203
184 185 205 204
185 186 206 205
186 187 207 206
187 188 208 207
188 189 209 208
189 190 210 209
190 191 211 210
191 192 212 211
192 193 213 212
193 194 214 213
194 195 215 214
195 196 216 215
196 197 217 216
197 198 218 217
198 199 219 218
199 200 220 219
221 222 242 241
222 223 243 242
223 224 244 243
224 225 245 244
225 226 246 245
226 227 247 246
227 228 248 247
228 229 249 248
229 230 250 249
230 231 251 250
231 232 252 251
232 233 253 252
233 234 254 253
234 235 255 254
235 236 256 255
236 237 257 256
237 238 258 257
238 239 259 258
239 240 260 259
241 242 262 261
242 243 263 262
243 244 264 263
244 245 265 264
245 246 266 265
246 247 267 266
247 248 268 267
248 249 269 268
249 250 270 269
250 251 271 270
251 252 272 271
252 253 273 272
253 254 274 273
254 255 275 274
255 256 276 275
256 257 277 276
257 258 278 277
258 259 279 278
259 260 280 279
261 262 282 281
262 263 283 282
263 264 284 283
264 265 285 284
265 266 286 285
266 267 287 286
267 268 288 287
268 269 289 288
269 270 290 289
270 271 291 290
271 272 292 291
272 273 293 292
273 274 294 293
274 275 295 294
275 276 296 295
276 277 297 296
277 278 298 297
278 279 299 298
279 280 300 299
281 282 302 301
282 283 303 302
283 284 304 303
284 285 305 304
285 286 306 305
286 287 307 306
287 288 308 307
288 289 309 308
289 290 310 309
290 291 311 310
291 292 312 311
292 293 313 312
293 294 314 313
294 295 315 314
295 296 316 315
296 297 317 316
297 298 318 317
298 299 319 318
299 300 320 319
301 302 322 321
302 303 323 322
303 304 324 323
304 305 325 324
305 306 326 325
306 307 327 326
307 308 328 327
308 309 329 328
309 310 330 329
310 311 331 330
311 312 332 331
312 313 333 332
313 314 334 333
314 315 335 334
315 316 336 335
316 317 337 336
317 318 338 337
318 319 339 338
319 320 340 339
321 322 342 341
322 323 343 342
323 324 344 343
324 325 345 344
325 326 346 345
326 327 347 346
327 328 348 347
328 329 349 348
329 330 350 349
330 331 351 350
331 332 352 351
332 333 353 352
333 334 354 353
334 335 355 354
335 336 356 355
336 337 357 356
337 338 358 357
338 339 359 358
339 340 360 359
341 342 362 361
342 343 363 362
343 344 364 363
344 345 365 364
345 346 366 365
346 347 367 366
347 348 368 367
348 349 369 368
349 350 370 369
350 351 371 370
351 352 372 371
352 353 373 372
353 354 374 373
354 355 375 374
355 356 376 375
356 357 377 376
357 358 378 377
358 359 379 378
359 360 380 379
361 362 382 381
362 363 383 382
363 364 384 383
364 365 385 384
365 366 386 385
366 367 387 386
367 368 388 387
368 369 389 388
369 370 390 389
370 371 391 390
371 372 392 391
372 373 393 392
373 374 394 393
374 375 395 394
375 376 396 395
376 377 397 396
377 378 398 397
378 379 399 398
379 380 400 399
381 382 402 401
382 383 403 402
383 384 404 403
384 385 405 404
385 386 406 405
386 387 407 406
387 388 408 407
388 389 409 408
389 390 410 409
390 391 411 410
391 392 412 411
392 393 413 412
393 394 414 413
394 395 415 414
395 396 416 415
396 397 417 416
397 398 418 417
398 399 419 418
399 400 420 419
401 402 422 421
402 403 423 422
403 404 424 423
404 405 425 424
405 406 426 425
406 407 427 426
407 408 428 427
408 409 429 428
409 410 430 429
410 411 431 430
411 412 432 431
412 413 433 432
413 414 434 433
414 415 435 434
415 416 436 435
416 417 437 436
417 418 438 437
418 419 439 438
419 420 440 439
